14.134725142
21.022039639
25.010857580
30.424876126
32.935061588
37.586178159
40.918719012
43.327073281
48.005150881
49.773832478
52.970321478
56.446247697
59.347044003
60.831778525
65.112544048
67.079810529
69.546401711
72.067157674
75.704690699
77.144840069
79.337375020
82.910380854
84.735492981
87.425274613
88.809111208
92.491899271
94.651344041
95.870634228
98.831194218
    101.317851006
    103.725538040
    105.446623052
    107.168611184
    111.029535543
    111.874659177
    114.320220915
    116.226680321
    118.790782866
    121.370125002
    122.946829294
    124.256818554
    127.516683880
    129.578704200
    131.087688531
    133.497737203
    134.756509753
    138.116042055
    139.736208952
    141.123707404
    143.111845808
    146.000982487
    147.422765343
    150.053520421
    150.925257612
    153.024693811
    156.112909294
    157.597591818
    158.849988171
    161.188964138
    163.030709687
    165.537069188
    167.184439978
    169.094515416
    169.911976479
    173.411536520
    174.754191523
    176.441434298
    178.377407776
    179.916484020
    182.207078484
    184.874467848
    185.598783678
    187.228922584
    189.416158656
    192.026656361
    193.079726604
    195.265396680
    196.876481841
    198.015309676
    201.264751944
    202.493594514
    204.189671803
    205.394697202
    207.906258888
    209.576509717
    211.690862595
    213.347919360
    214.547044783
    216.169538508
    219.067596349
    220.714918839
    221.430705555
    224.007000255
    224.983324670
    227.421444280
    229.337413306
    231.250188700
    231.987235253
    233.693404179
    236.524229666
    237.769820481
    239.555477573
    241.049157796
    242.823271934
    244.070898497
    247.136990075
    248.101990060
    249.573689645
    251.014947795
    253.069986748
    255.306256455
    256.380713694
    258.610439492
    259.874406990
    260.805084505
    263.573893905
    265.557851839
    266.614973782
    267.921915083
    269.970449024
    271.494055642
    273.459609188
    275.587492649
    276.452049503
    278.250743530
    279.229250928
    282.465114765
    283.211185733
    284.835963981
    286.667445363
    287.911920501
    289.579854929
    291.846291329
    293.558434139
    294.965369619
    295.573254879
    297.979277062
    299.840326054
    301.649325462
    302.696749590
    304.864371341
    305.728912602
    307.219496128
    310.109463147
    311.165141530
    312.427801181
    313.985285731
    315.475616089
    317.734805942
    318.853104256
    321.160134309
    322.144558672
    323.466969558
    324.862866052
    327.443901262
    329.033071680
    329.953239728
    331.474467583
    333.645378525
    334.211354833
    336.841850428
    338.339992851
    339.858216725
    341.042261111
    342.054877510
    344.661702940
    346.347870566
    347.272677584
    349.316260871
    350.408419349
    351.878649025
    353.488900489
    356.017574977
    357.151302252
    357.952685102
    359.743754953
    361.289361696
    363.331330579
    364.736024114
    366.212710288
    367.993575482
    368.968438096
    370.050919212
    373.061928372
    373.864873911
    375.825912767
    376.324092231
    378.436680250
    379.872975347
    381.484468617
    383.443529450
    384.956116815
    385.861300846
    387.222890222
    388.846128354
    391.456083564
    392.245083340
    393.427743844
    395.582870011
    396.381854223
    397.918736210
    399.985119876
    401.839228601
    402.861917764
    404.236441800
    405.134387460
    407.581460387
    408.947245502
    410.513869193
    411.972267804
    413.262736070
    415.018809755
    415.455214996
    418.387705790
    419.861364818
    420.643827625
    422.076710059
    423.716579627
    425.069882494
    427.208825084
    428.127914077
    430.328745431
    431.301306931
    432.138641735
    433.889218481
    436.161006433
    437.581698168
    438.621738656
    439.918442214
    441.683199201
    442.904546303
    444.319336278
    446.860622696
    447.441704194
    449.148545685
    450.126945780
    451.403308445
    453.986737807
    454.974683769
    456.328426689
    457.903893064
    459.513415281
    460.087944422
    462.065367275
    464.057286911
    465.671539211
    466.570286931
    467.439046210
    469.536004559
    470.773655478
    472.799174662
    473.835232345
    475.600339369
    476.769015237
    478.075263767
    478.942181535
    481.830339376
    482.834782791
    483.851427212
    485.539148129
    486.528718262
    488.380567090
    489.661761578
    491.398821594
    493.314441582
    493.957997805
    495.358828822
    496.429696216
    498.580782430
    500.309084942
    501.604446965
    502.276270327
    504.499773313
    505.415231742
    506.464152710
    508.800700336
    510.264227944
    511.562289700
    512.623144531
    513.668985555
    515.435057167
    517.589668572
    518.234223148
    520.106310412
    521.525193449
    522.456696178
    523.960530892
    525.077385687
    527.903641601
    528.406213852
    529.806226319
    530.866917884
    532.688183028
    533.779630754
    535.664314076
    537.069759083
    538.428526176
    540.213166376
    540.631390247
    541.847437121
    544.323890101
    545.636833249
    547.010912058
    547.931613364
    549.497567563
    550.970010039
    552.049572201
    553.764972119
    555.792020562
    556.899476407
    557.564659172
    559.316237029
    560.240807497
    562.559207616
    564.160879111
    564.506055938
    566.698787683
    567.731757901
    568.923955180
    570.051114782
    572.419984132
    573.614610527
    575.093886014
    575.807247141
    577.039003472
    579.098834672
    580.136959362
    581.946576266
    583.236088219
    584.561705903
    585.984563205
    586.742771891
    588.139663266
    590.660397517
    591.725858065
    592.571358300
    593.974714682
    595.728153697
    596.362768328
    598.493077346
    599.545640364
    601.602136736
    602.579167886
    603.625618904
    604.616218494
    606.383460422
    608.413217311
    609.389575155
    610.839162938
    611.774209621
    613.599778676
    614.646237872
    615.538563369
    618.112831366
    619.184482598
    620.272893672
    621.709294528
    622.375002740
    624.269900018
    626.019283428
    627.268396851
    628.325862359
    630.473887438
    630.805780927
    632.225141167
    633.546858252
    635.523800311
    637.397193160
    637.925513981
    638.927938267
    640.694794669
    641.945499666
    643.278883781
    644.990578230
    646.348191596
    647.761753004
    648.786400889
    650.197519345
    650.668683891
    653.649571605
    654.301920586
    655.709463022
    656.964084599
    658.175614419
    659.663845973
    660.716732595
    662.296586431
    664.244604652
    665.342763096
    666.515147704
    667.148494895
    668.975848820
    670.323585206
    672.458183584
    673.043578286
    674.355897810
    676.139674364
    677.230180669
    677.800444746
    679.742197883
    681.894991533
    682.602735020
    684.013549814
    684.972629862
    686.163223588
    687.961543185
    689.368941362
    690.474735032
    692.451684416
    693.176970061
    694.533908700
    695.726335921
    696.626069900
    699.132095476
    700.296739132
    701.301742955
    702.227343146
    704.033839296
    705.125813955
    706.184654800
    708.269070885
    709.229588570
    711.130274180
    711.900289914
    712.749383470
    714.082771821
    716.112396454
    717.482569703
    718.742786545
    719.697100988
    721.351162219
    722.277504976
    723.845821045
    724.562613890
    727.056403230
    728.405481589
    728.758749796
    730.416482123
    731.417354919
    732.818052714
    734.789643252
    735.765459209
    737.052928912
    738.580421171
    739.909523674
    740.573807447
    741.757335573
    743.895013142
    745.344989551
    746.499305899
    747.674563624
    748.242754465
    750.655950362
    750.966381067
    752.887621567
    754.322370472
    755.839308976
    756.768248440
    758.101729246
    758.900238225
    760.282366984
    762.700033250
    763.593066173
    764.307522724
    766.087540100
    767.218472156
    768.281461807
    769.693407253
    771.070839314
    772.961617566
    774.117744628
    775.047847097
    775.999711963
    777.299748530
    779.157076949
    780.348925004
    782.137664391
    782.597943946
    784.288822612
    785.739089701
    786.461147451
    787.468463816
    790.059092364
    790.831620468
    792.427707609
    792.888652563
    794.483791870
    795.606596156
    797.263470038
    798.707570166
    799.654336211
    801.604246463
    802.541984878
    803.243096204
    804.762239113
    805.861635667
    808.151814936
    809.197783363
    810.081804886
    811.184358847
    812.771108389
    814.045913608
    814.870539626
    816.727737714
    818.380668866
    819.204642171
    820.721898444
    821.713454133
    822.197757493
    824.526293872
    826.039287377
    826.905810954
    828.340174300
    829.437010968
    830.895884053
    831.799777659
    833.003640909
    834.651915148
    836.693576188
    837.347335060
    838.249021993
    839.465394810
    841.036389829
    842.041354207
    844.166196607
    844.805993976
    846.194769928
    847.971717640
    848.489281181
    849.862274349
    850.645448466
    853.163112583
    854.095511720
    855.286710244
    856.484117491
    857.310740603
    858.904026466
    860.410670896
    861.171098213
    863.189719772
    864.340823930
    865.594664327
    866.423739904
    867.693122612
    868.670494229
    870.846902326
    872.188750822
    873.098978971
    873.908389235
    875.985285109
    876.600825833
    877.654698341
    879.380951970
    880.834648848
    882.386696627
    883.430331839
    884.198743115
    885.272304480
    886.852801963
    888.475566674
    889.735294294
    890.813132113
    892.386433260
    893.119117567
    894.886292321
    895.397919675
    896.632251556
    899.221522668
    899.858884608
    900.849739861
    902.243207587
    903.099674443
    904.702902722
    905.829940758
    907.656729469
    908.333543645
    910.186334057
    911.234951486
    912.331045600
    912.823999247
    914.730096958
    916.355000809
    917.825377570
    918.836535244
    919.448344440
    921.156395507
    922.500629307
    923.285719802
    924.773483933
    926.551552785
    927.850858986
    928.663659329
    929.874092851
    931.009211337
    931.852740746
    934.385306837
    934.995424864
    936.228649379
    937.532925712
    939.024300899
    939.660940615
    941.156999642
    942.052341643
    944.188035810
    945.333562503
    946.765842205
    947.079183096
    948.346646255
    950.151612685
    951.033248734
    952.727988620
    954.129719270
    954.829308938
    956.675479343
    957.510052596
    958.414593390
    959.459168807
    961.669572474
    963.182086671
    963.567040192
    965.055579624
    966.110754818
    967.371153766
    968.636301906
    970.125610557
    971.071491486
    973.185361294
    973.873078993
    974.774635066
    976.178502421
    976.917202117
    978.766671535
    980.578000640
    981.288615302
    982.396485169
    983.575076006
    985.186928656
    986.130515110
    986.756008408
    988.992622371
    990.223917804
    991.374294148
    992.728696337
    993.214580957
    994.404590571
    996.205336164
    997.511934752
    998.827547137
    999.791571557
   1001.349482638
   1002.404305488
   1003.267808179
   1004.675044121
   1005.543420304
   1008.006704307
   1008.795709901
   1009.806590747
   1010.569757011
   1012.410042516
   1013.058638098
   1014.689632622
   1016.060178943
   1017.266402364
   1018.605572519
   1019.912439744
   1020.917475017
   1021.544344500
   1022.885270912
   1025.265724198
   1025.707944371
   1027.467693516
   1028.128964255
   1029.227297444
   1030.897368791
   1031.833180297
   1032.812883035
   1034.612915530
   1036.195917358
   1037.024707646
   1038.087752241
   1039.077401437
   1040.264037938
   1041.621528015
   1043.623954350
   1044.514975829
   1045.107042353
   1047.089817484
   1047.987147490
   1048.953785195
   1049.996284257
   1051.576571843
   1053.245785158
   1054.781039478
   1055.002146476
   1056.688847364
   1057.100043660
   1059.133769107
   1060.139518562
   1061.501304465
   1062.915381508
   1064.071551072
   1065.121855106
   1066.463223469
   1067.418860121
   1067.990000079
   1070.535041997
   1071.618623215
   1072.543998011
   1073.570353165
   1074.747771044
   1076.266625594
   1076.924056066
   1078.647198481
   1079.809965429
   1081.171002343
   1082.952749723
   1083.295466514
   1084.183264310
   1085.647831209
   1086.911998990
   1088.755724675
   1089.795337924
   1090.863191026
   1091.728472967
   1093.440873272
   1094.284457524
   1095.433084759
   1096.401917795
   1098.841015467
   1099.360667179
   1100.574460622
   1101.839111169
   1102.551779900
   1103.732297175
   1105.617188831
   1106.774371676
   1107.774531955
   1109.158918857
   1110.444142994
   1111.443504765
   1112.432995408
   1113.397595115
   1115.065359462
   1116.787253881
   1117.965919669
   1118.684134861
   1119.473247426
   1121.155937676
   1122.458621357
   1123.101117388
   1125.314729398
   1125.763442429
   1127.658023527
   1128.430224614
   1129.728996777
   1130.391597896
   1131.495085562
   1133.708625669
   1134.885654592
   1135.562213975
   1136.929293481
   1138.151589780
   1138.992341820
   1140.721848172
   1141.261022964
   1142.858659608
   1144.782299519
   1145.485327517
   1146.576814925
   1147.501776523
   1148.615277209
   1149.982601028
   1151.562814724
   1152.943128531
   1153.890303716
   1154.697519535
   1156.621567834
   1157.432314576
   1158.001609027
   1159.480657019
   1161.396644634
   1162.487528602
   1163.701031683
   1164.737586351
   1165.271227706
   1166.943613410
   1168.086271610
   1169.698356885
   1170.463638578
   1172.120681866
   1173.305687764
   1174.232766856
   1175.215452396
   1176.632875810
   1177.106304422
   1179.701223502
   1180.653543787
   1181.267318152
   1182.582270347
   1183.712775296
   1185.155842847
   1185.875358695
   1187.345161493
   1188.856444298
   1189.963636498
   1191.482605926
   1192.218611478
   1193.324021427
   1193.857427135
   1196.034671749
   1197.071786659
   1198.686569105
   1199.356513708
   1200.532692031
   1201.810334857
   1203.137350861
   1203.855247594
   1204.985492171
   1206.870499794
   1208.471459950
   1208.989484168
   1209.898030088
   1211.416115893
   1212.113153066
   1213.598372680
   1215.389975065
   1216.183722033
   1217.174482498
   1219.050028177
   1219.614471311
   1220.816347691
   1221.692242483
   1222.952484095
   1225.018330024
   1225.855020761
   1227.231827641
   1227.917141614
   1228.793154363
   1230.584603154
   1231.562273878
   1232.529587041
   1234.277816653
   1235.502548527
   1236.399017466
   1237.977298514
   1238.457232796
   1239.490807147
   1240.813471785
   1243.078076398
   1243.538146526
   1244.851433967
   1245.655866188
   1247.372561970
   1248.063061053
   1249.159887953
   1250.672397276
   1251.659832004
   1253.673577852
   1254.431328422
   1255.408230645
   1256.181214198
   1257.541219413
   1258.779233489
   1260.344548316
   1261.611717161
   1262.556614000
   1263.676732844
   1264.957223007
   1266.179037761
   1267.200345612
   1267.570571779
   1270.118921886
   1271.134299632
   1272.083959599
   1273.261144633
   1274.196220889
   1275.092030316
   1276.842171556
   1277.763091986
   1279.332843317
   1280.155794409
   1281.828726960
   1283.000491387
   1283.335032139
   1284.854795155
   1285.695023331
   1287.410026617
   1289.165351533
   1290.104771520
   1290.417708073
   1291.945870968
   1293.493981557
   1294.118474378
   1295.365363505
   1296.801110992
   1298.256527068
   1299.405171251
   1300.490018982
   1301.495516681
   1302.346742379
   1303.273200229
   1305.401672188
   1306.508393313
   1307.267242108
   1308.988196518
   1309.421532493
   1311.056570511
   1311.966940608
   1313.031599369
   1314.052565652
   1316.212112603
   1317.072986035
   1318.171279132
   1318.947880597
   1319.931082878
   1321.628138552
   1322.258067123
   1324.224978719
   1325.237624359
   1325.981969630
   1327.635281108
   1329.043517997
   1329.205018785
   1330.429937120
   1331.827591385
   1333.673522610
   1334.747329052
   1335.694974526
   1336.690184653
   1337.688791810
   1338.923164599
   1340.426400457
   1341.166272253
   1342.608507884
   1344.156044004
   1345.477106261
   1345.731413255
   1347.519471751
   1348.017238019
   1349.085194014
   1351.296206374
   1352.210465159
   1353.483338358
   1353.886781972
   1355.680595321
   1356.605655710
   1357.771742829
   1358.460160399
   1360.393144762
   1361.393074714
   1363.022328603
   1363.879190797
   1364.576584897
   1365.493733551
   1367.104090970
   1368.330193308
   1369.686949077
   1370.973522768
   1371.686553553
   1373.202914562
   1374.154798659
   1375.302392345
   1376.161779994
   1377.177633642
   1379.683283029
   1380.148578442
   1381.073977149
   1382.345662978
   1383.297591008
   1384.444415848
   1385.663777011
   1387.326647663
   1387.921454127
   1389.565831798
   1390.705490286
   1391.853200443
   1392.644027789
   1393.433401741
   1394.884184676
   1396.544163124
   1397.834623321
   1398.837675201
   1399.839472941
   1400.426946297
   1402.564347250
   1402.973747641
   1404.006292171
   1405.666975059
   1407.085142776
   1408.136307496
   1409.320681080
   1410.024810726
   1411.257056816
   1411.965653462
   1413.843148789
   1415.585784795
   1415.781581303
   1417.102822934
   1418.696963852
   1419.422480946
   1420.416526324
   1421.850567187
   1422.461310988
   1424.463045670
   1425.873469245
   1426.645979682
   1427.365671109
   1428.592305876
   1429.650477276
   1431.218313673
   1432.049740893
   1433.821940737
   1434.584942168
   1435.692907383
   1437.226721624
   1438.006284842
   1438.949552747
   1439.622793078
   1441.960987505
   1442.911059581
   1444.041930706
   1445.072278459
   1445.830084780
   1447.226227100
   1448.323853516
   1449.488771281
   1450.773561858
   1451.835297999
   1453.737596757
   1454.226011260
   1455.312091240
   1456.167797608
   1457.539001668
   1458.393777369
   1460.688270535
   1461.245443345
   1462.266123266
   1463.286891190
   1464.696903298
   1465.889557614
   1466.505621108
   1467.703989586
   1469.347649878
   1470.966589127
   1471.388764527
   1473.020132324
   1473.745649186
   1474.203221566
   1476.092127038
   1477.435191148
   1478.441395973
   1479.759918706
   1480.766879018
   1481.964684210
   1483.032959958
   1484.143580882
   1484.817883231
   1486.171349028
   1488.116337976
   1489.252466946
   1489.970892205
   1490.670693815
   1492.180090544
   1493.330835421
   1494.155368614
   1495.768832979
   1497.065505572
   1497.747360933
   1499.640824747
   1500.351951517
   1501.119324922
   1502.346063292
   1503.090933127
   1505.261529655
   1506.152986138
   1507.407505164
   1508.253031030
   1509.280419363
   1510.391797446
   1511.923005459
   1512.589764705
   1513.589765540
   1515.708343587
   1516.435989719
   1517.719806254
   1518.414791487
   1519.741009494
   1520.273622220
   1521.901909065
   1523.486047149
   1524.724892161
   1525.227837234
   1526.552311910
   1528.040930429
   1529.034456729
   1529.369975365
   1531.020742970
   1532.222326939
   1533.886977913
   1535.042277471
   1535.769502395
   1536.620701824
   1537.651062168
   1539.302854856
   1540.030270140
   1541.742248763
   1542.496522923
   1544.118670055
   1544.834608228
   1546.091197786
   1547.297581121
   1547.806563802
   1548.871348179
   1551.273845326
   1552.006872838
   1552.736105330
   1554.156519110
   1554.921285165
   1556.162987498
   1557.394507018
   1558.339152852
   1559.781154391
   1560.876475778
   1562.410153180
   1563.385400958
   1564.177940460
   1564.915788262
   1566.266415602
   1567.623450717
   1569.022477804
   1570.509277867
   1571.045381486
   1571.845352088
   1573.806563330
   1574.230915430
   1575.638154952
   1576.161352363
   1578.118826946
   1579.514055068
   1580.372081625
   1581.363551773
   1582.329486944
   1583.394693435
   1584.234848066
   1586.293210750
   1587.004342107
   1588.163404029
   1589.357945950
   1590.835904321
   1591.293884374
   1592.637167039
   1593.584808189
   1594.442689656
   1596.484492410
   1597.715895944
   1598.420798550
   1599.619348950
   1600.048044903
   1601.911946229
   1602.815404794
   1603.655202996
   1605.521646647
   1606.293418127
   1607.556905212
   1608.836295305
   1610.003264190
   1610.253823163
   1611.437141270
   1613.078855451
   1614.710627852
   1615.574608719
   1616.398394842
   1617.734684841
   1618.537517832
   1619.952501261
   1620.774310821
   1622.098751698
   1622.977767699
   1625.021856658
   1625.987020164
   1626.399919312
   1627.755441276
   1628.715316857
   1629.658668955
   1631.194814552
   1632.798183571
   1633.512516890
   1634.516822662
   1635.718366326
   1637.089190173
   1637.994643586
   1638.599658304
   1639.821235730
   1641.899819009
   1642.489779822
   1644.152065960
   1644.713745775
   1645.573760363
   1646.624866593
   1648.270598223
   1649.118535409
   1650.416988983
   1651.732693341
   1652.671065900
   1654.205896759
   1654.726652393
   1655.822775677
   1657.114236400
   1657.567101179
   1660.019980338
   1660.860056833
   1661.836892884
   1662.377202549
   1664.057265418
   1664.968004486
   1665.877640414
   1667.241125052
   1668.368229327
   1669.669728452
   1671.047182433
   1671.984259334
   1672.963370831
   1673.687445334
   1674.648462097
   1676.362486324
   1677.691227142
   1678.630368091
   1680.077946717
   1680.504770113
   1681.812320174
   1683.273289261
   1684.171656837
   1684.558863253
   1686.421121948
   1688.080142693
   1688.933868510
   1689.703154256
   1691.051559917
   1691.515192892
   1693.053020930
   1694.017564653
   1695.832554474
   1696.654997440
   1697.342514287
   1699.229547188
   1699.966817267
   1700.820303245
   1701.825550997
   1702.923249764
   1704.291412427
   1706.256032432
   1706.615665035
   1707.912312493
   1708.512116178
   1709.780842299
   1711.137603259
   1712.155397654
   1713.055341728
   1714.717145255
   1715.825283040
   1716.769983717
   1717.974485066
   1718.954152499
   1719.724469322
   1720.498070948
   1722.844661740
   1723.532822631
   1724.733958738
   1725.638628020
   1726.605700740
   1728.166506761
   1728.644486480
   1730.023872545
   1731.014193762
   1732.430169859
   1733.840825021
   1735.175466021
   1735.624715343
   1736.305662733
   1737.893884787
   1738.783237589
   1740.169115680
   1741.779167809
   1742.467680721
   1743.426436859
   1744.721511938
   1746.097498596
   1746.595456627
   1747.781695528
   1748.563987381
   1750.822818490
   1751.617794946
   1752.511511141
   1753.661355243
   1754.763369874
   1755.169694068
   1757.046518461
   1757.984077033
   1759.240085647
   1760.215166243
   1761.854899939
   1762.497688871
   1763.719121496
   1764.591476849
   1765.400493992
   1766.676243599
   1768.295971136
   1769.940952052
   1770.243677312
   1771.212944984
   1772.328000364
   1773.894915511
   1774.660430990
   1775.341987574
   1777.255860224
   1778.041734762
   1779.552270809
   1780.665228493
   1781.355637723
   1782.439067320
   1783.084829520
   1784.607946397
   1786.342201179
   1787.049273087
   1788.215123480
   1789.242179964
   1790.449562370
   1791.254409819
   1792.616102735
   1793.525390652
   1794.178482007
   1796.465140537
   1797.376335671
   1798.147067458
   1799.231647210
   1800.024724020
   1801.309636945
   1802.301283491
   1803.796843813
   1804.904160975
   1806.289667019
   1806.578391751
   1808.714431865
   1809.119273788
   1810.108892988
   1810.873719159
   1812.420077002
   1814.024140348
   1814.973082363
   1816.338611220
   1816.758023365
   1817.710608563
   1819.260334099
   1820.187882187
   1821.305708365
   1822.427671440
   1823.766265896
   1825.213676893
   1825.915683615
   1826.795455271
   1828.211270500
   1828.621091758
   1829.832529710
   1831.936379902
   1832.984940244
   1833.273239033
   1834.721559749
   1835.883754438
   1836.827672516
   1838.086943306
   1838.640288708
   1840.195563473
   1841.478582571
   1842.875955279
   1843.771057743
   1844.759043650
   1845.417534146
   1846.353253421
   1848.330980622
   1848.722760911
   1850.601184048
   1851.400361995
   1852.342204733
   1853.519342921
   1854.855632116
   1855.592934937
   1856.389179154
   1857.498074815
   1859.495271569
   1860.541388109
   1861.379671547
   1862.121464929
   1863.425464845
   1864.353981336
   1865.367433794
   1866.836547019
   1868.085190999
   1868.706745684
   1870.421471768
   1871.416043098
   1872.441566428
   1872.865667638
   1874.508361413
   1874.913774010
   1877.095064167
   1878.022251483
   1879.153303090
   1880.082325419
   1880.611766480
   1882.321974797
   1883.408724270
   1884.005778350
   1885.198075130
   1887.053894807
   1887.808841417
   1888.938182637
   1890.348128614
   1890.612128588
   1891.678510540
   1892.867701336
   1894.558537572
   1895.697155654
   1896.585494347
   1897.513692860
   1898.829372819
   1900.006144829
   1900.571884272
   1901.891305751
   1902.805059207
   1904.089325323
   1906.102756198
   1906.597678004
   1907.332780124
   1908.433063045
   1909.465930026
   1910.733659616
   1911.704690943
   1913.182489776
   1914.352300052
   1915.054629333
   1916.606371840
   1917.344704042
   1918.786498910
   1919.207778398
   1919.937457371
   1922.101625622
   1923.280837936
   1924.055831101
   1925.231987975
   1926.211583080
   1926.820092795
   1928.417518550
   1929.487560181
   1930.258387180
   1931.760069437
   1932.875754550
   1934.416436369
   1934.907943434
   1935.924848804
   1936.873093814
   1937.968633498
   1939.050029151
   1940.977326706
   1941.822862216
   1942.633568692
   1943.367947449
   1945.153796306
   1945.922716949
   1946.609945362
   1947.917047738
   1949.030030074
   1950.743201553
   1951.536695873
   1952.850129212
   1953.448556325
   1954.418588175
   1955.315809284
   1956.848164578
   1958.314403555
   1958.851883463
   1960.418845269
   1961.359277880
   1962.233571849
   1963.621184573
   1964.357390938
   1965.377829505
   1966.117658574
   1968.471602019
   1969.047617547
   1970.305009517
   1970.855547580
   1971.970312805
   1973.182663406
   1974.347201910
   1975.080610302
   1977.173943698
   1977.271446200
   1978.801448168
   1980.371772287
   1980.910043091
   1981.748768897
   1982.663279195
   1983.923804622
   1985.416540175
   1986.757107716
   1987.873473361
   1988.251876807
   1989.702002708
   1990.478352526
   1992.001706394
   1992.784987875
   1993.577493138
   1995.168739612
   1996.796176966
   1997.390914060
   1998.279006926
   1999.545764176
   2000.434515302
   2000.929620689
   2002.896408374
   2004.139669233
   2005.077848124
   2005.900934886
   2007.125180170
   2008.418240330
   2009.176634123
   2010.153324768
   2011.020705074
   2012.538935477
   2013.872097714
   2015.186728609
   2016.029638032
   2016.800075656
   2017.386767252
   2019.264600216
   2019.884367140
   2021.196042769
   2022.545617685
   2023.572911777
   2024.488262158
   2025.878906202
   2026.738258912
   2027.573317056
   2028.582459354
   2029.385479551
   2031.750550691
   2032.420780856
   2033.017892746
   2034.554828789
   2035.077440096
   2036.527526483
   2037.217111094
   2038.841738251
   2039.443218740
   2040.839119673
   2042.344586251
   2043.217116563
   2044.121593292
   2045.037320860
   2045.802760432
   2047.098336346
   2048.454094066
   2049.847525606
   2050.906055385
   2051.718388196
   2052.407790192
   2054.059916898
   2055.180267326
   2055.572602899
   2056.620866690
   2058.450651119
   2059.448021744
   2060.868247208
   2061.367059202
   2062.572650920
   2063.283559498
   2064.304867700
   2065.832672282
   2066.985229378
   2068.345638527
   2068.669941083
   2070.504717593
   2071.377083170
   2071.990454815
   2073.397603716
   2074.171064902
   2075.028065545
   2077.117570137
   2078.155484639
   2078.939288115
   2079.567628462
   2080.910343458
   2081.799686564
   2083.300276859
   2083.779992550
   2085.389813692
   2086.580318534
   2087.473340988
   2088.712281199
   2090.036206757
   2090.447550027
   2091.221580661
   2092.473218110
   2094.335917469
   2095.138256660
   2096.346529979
   2097.371606357
   2097.951922200
   2099.311651265
   2100.593745237
   2101.135489459
   2102.535100215
   2103.390454809
   2105.372206592
   2105.994704339
   2107.172362432
   2107.617911408
   2108.938384889
   2109.963143181
   2110.822371848
   2112.907087523
   2113.483966448
   2114.396137326
   2115.506602795
   2116.900056068
   2117.722399441
   2118.618646217
   2119.456428469
   2120.691562592
   2122.465151175
   2123.344042303
   2124.370368738
   2125.512400029
   2125.958784840
   2126.975711193
   2128.752290554
   2129.406080228
   2130.555102283
   2132.080620993
   2132.798516468
   2134.154933985
   2134.950772504
   2136.086897525
   2136.967470548
   2137.509940526
   2139.380759985
   2140.949362639
   2141.710035960
   2142.355043196
   2143.374444181
   2144.895337431
   2145.505753734
   2146.625894476
   2147.785367346
   2149.151849383
   2149.910639858
   2151.776885116
   2152.390226597
   2153.011964165
   2154.263623952
   2154.935345848
   2156.394727256
   2157.856489565
   2158.878072291
   2159.902286017
   2160.853062328
   2161.692172189
   2163.107122286
   2164.049720356
   2165.011437174
   2165.503949023
   2167.693444255
   2168.890615852
   2169.263829283
   2170.787074973
   2171.396361926
   2172.250962828
   2173.528296969
   2174.745020803
   2176.204119466
   2176.939451699
   2178.004209155
   2179.232185030
   2180.495318259
   2181.252367011
   2181.725783030
   2183.330584017
   2184.103190761
   2185.965528321
   2187.085690959
   2187.798455878
   2188.558763203
   2189.497072903
   2191.093363046
   2191.778017401
   2192.826770540
   2194.231530050
   2195.231687681
   2196.715977667
   2197.258747040
   2198.687512684
   2199.302965321
   2200.351020913
   2200.915953026
   2203.277453731
   2203.906364584
   2204.997801755
   2205.855761246
   2207.172161915
   2207.802741337
   2209.153744400
   2210.208014989
   2210.850941099
   2212.343568400
   2213.700256248
   2214.949925632
   2215.820565691
   2216.296375888
   2217.469375116
   2218.521006913
   2219.799815698
   2220.852158849
   2222.636604588
   2223.055057919
   2223.777772507
   2225.564645117
   2226.332734406
   2227.246229377
   2227.970573882
   2229.127958910
   2230.898690856
   2231.977154074
   2232.924853869
   2233.720222250
   2234.814934531
   2235.546662136
   2236.773643845
   2238.154799519
   2239.167743960
   2240.021209470
   2241.536186524
   2242.621180159
   2243.373668419
   2244.370701700
   2245.565286531
   2246.016558178
   2247.364431251
   2249.550198574
   2249.770766553
   2251.046641942
   2251.845318339
   2252.678432674
   2254.562246994
   2254.759079001
   2255.824565572
   2257.346384683
   2258.501847291
   2259.517842057
   2260.890259417
   2261.660064449
   2262.674430648
   2262.878305381
   2264.676399706
   2265.768446115
   2267.384501068
   2267.879175337
   2269.226998262
   2269.919103217
   2271.326282468
   2272.049015701
   2273.347534053
   2273.956289146
   2275.068664776
   2277.079317757
   2278.012628393
   2278.525942156
   2279.507305841
   2280.870719853
   2281.356483615
   2282.690375138
   2284.056011459
   2285.222242365
   2286.149814141
   2287.046158671
   2288.578849446
   2289.336284710
   2290.241458211
   2291.097663612
   2291.928901252
   2293.896145106
   2294.687918412
   2296.115091188
   2296.998522473
   2297.372647580
   2298.612363366
   2299.961577620
   2301.234125799
   2301.454840352
   2303.295481983
   2304.305138670
   2305.508356789
   2306.517733070
   2307.355553370
   2308.210284635
   2309.370358240
   2309.931122384
   2312.047996450
   2313.190914171
   2313.689359967
   2314.621182114
   2316.049454720
   2316.962494505
   2317.851531864
   2318.826035336
   2320.088523204
   2320.949531629
   2322.812632607
   2323.534274241
   2324.512455232
   2325.557096492
   2325.903015928
   2327.376855820
   2328.634875101
   2329.705723406
   2331.013110290
   2331.942707806
   2332.987765433
   2333.720863374
   2335.531712574
   2335.867153806
   2336.621036786
   2337.761730159
   2339.615683896
   2340.826726707
   2341.324596186
   2342.654041658
   2343.259158955
   2344.311216236
   2345.570483634
   2346.464119530
   2347.934254642
   2348.843423633
   2349.730054258
   2351.455046928
   2352.195701503
   2352.750870075
   2353.912135852
   2354.951081235
   2355.810813978
   2357.608315920
   2358.904705198
   2359.434859076
   2360.314285090
   2361.342541642
   2362.718317923
   2363.495617654
   2364.751176089
   2365.191515064
   2367.249219843
   2367.957701823
   2369.220577767
   2370.093390284
   2371.100747930
   2371.938137795
   2372.440347260
   2374.444230718
   2375.543967037
   2376.355463516
   2377.755407914
   2378.212961680
   2379.726502950
   2380.545657219
   2381.500123710
   2382.530830566
   2383.356013916
   2384.965071641
   2386.430937110
   2387.299084122
   2387.813568556
   2388.748207635
   2389.955988114
   2391.260549872
   2391.754982337
   2393.630593292
   2394.485367856
   2395.270169995
   2396.603878763
   2397.791643762
   2398.558311383
   2399.433832906
   2400.152356522
   2401.482998376
   2403.418798445
   2403.975315149
   2404.921593490
   2406.253988718
   2406.732851182
   2407.715910422
   2409.441502352
   2409.881602683
   2411.126193381
   2412.222935837
   2413.976123195
   2414.379879801
   2415.576893466
   2416.534054628
   2417.278087422
   2418.229443267
   2419.507917163
   2421.142943993
   2422.152084925
   2422.996230123
   2423.504146889
   2425.124760213
   2426.193437542
   2426.907064294
   2427.640896949
   2429.185595990
   2430.265812636
   2431.611135096
   2432.727569299
   2433.705896805
   2433.916873238
   2435.348894365
   2436.191600375
   2437.794076108
   2438.671790794
   2439.927127219
   2440.826160291
   2441.929836550
   2443.033560058
   2443.775436396
   2445.154381015
   2445.744952101
   2446.398523306
   2448.988312286
   2449.231032009
   2450.503650580
   2451.181708310
   2452.283365741
   2453.257485812
   2454.300561842
   2455.482288384
   2456.514551841
   2457.907999090
   2458.546799837
   2460.013579466
   2461.202295375
   2461.731628648
   2462.464294914
   2463.569667295
   2464.927816361
   2466.183097013
   2467.640860784
   2468.186816301
   2469.336263892
   2469.781485032
   2471.539297742
   2472.336417589
   2473.107124735
   2474.237849734
   2475.539353861
   2477.021755096
   2478.014854025
   2478.397597583
   2479.977351981
   2480.433606985
   2481.356767280
   2482.683411519
   2484.503238275
   2485.087590537
   2485.785620712
   2487.333836443
   2488.113831754
   2489.261157452
   2490.051090516
   2491.105516422
   2491.907473934
   2493.489295449
   2494.866177828
   2495.846840420
   2496.485336703
   2497.648465247
   2497.969973967
   2499.862042821
   2500.564386412
   2501.577744672
   2503.185227212
   2504.008933659
   2504.772152511
   2506.305351937
   2507.151885648
   2507.871039580
   2508.766046104
   2509.652997441
   2511.660189787
   2512.538220985
   2513.579517021
   2514.259859060
   2515.286482925
   2516.571049142
   2517.146931880
   2518.552852040
   2519.634252640
   2520.402323516
   2521.885175646
   2523.263480156
   2523.967055819
   2524.642045796
   2525.687993325
   2526.868810059
   2527.418791161
   2529.378043463
   2530.273672273
   2531.543961220
   2531.969384081
   2533.067317099
   2534.408614098
   2535.505886074
   2536.091884922
   2536.867485223
   2538.559826936
   2539.998407119
   2540.531661936
   2541.998729154
   2542.687650514
   2543.343955089
   2544.290953657
   2545.878017730
   2546.761141282
   2548.181615394
   2548.895987575
   2549.996484492
   2551.411141992
   2551.880445960
   2553.275677996
   2553.723069201
   2555.050875291
   2555.832350747
   2558.009105943
   2558.752211368
   2559.234296597
   2560.263289514
   2561.405635748
   2562.426113338
   2563.501718904
   2564.332107854
   2565.975270478
   2566.557557897
   2567.958599725
   2569.043090175
   2569.948111597
   2570.958525662
   2571.540774148
   2572.368208186
   2574.207163950
   2575.404511997
   2576.141011186
   2577.519835533
   2578.070129925
   2578.971298336
   2580.346111565
   2581.398140583
   2582.138733931
   2583.003294535
   2584.758402442
   2585.772739404
   2586.925178957
   2587.591000924
   2588.368210424
   2589.579264554
   2590.371692925
   2591.549378448
   2593.275876805
   2594.023618335
   2594.905011552
   2595.687530139
   2597.546141490
   2597.979353418
   2598.598768320
   2600.121355062
   2600.641952319
   2602.412300558
   2603.628781119
   2604.573564824
   2605.368075916
   2606.243664548
   2607.003639114
   2608.364899649
   2609.552086738
   2610.444520939
   2611.543670381
   2612.956807037
   2613.731929438
   2614.737136165
   2615.847707268
   2616.902118244
   2617.335046935
   2618.292915478
   2620.279393694
   2621.429055213
   2622.048696798
   2622.994507976
   2624.050603855
   2624.909501777
   2626.460502230
   2626.710471396
   2628.098026526
   2629.604139511
   2629.994800764
   2632.043116637
   2632.443658949
   2633.676399940
   2633.966543434
   2635.217331617
   2636.432585995
   2637.510683358
   2639.062573045
   2640.054245882
   2640.462942827
   2641.801744784
   2642.755759063
   2643.970900957
   2644.887867143
   2645.395567279
   2646.689940173
   2648.577429282
   2649.325653552
   2650.058544458
   2651.227331332
   2652.160775242
   2652.770642829
   2653.897069746
   2655.615772326
   2656.238998498
   2657.537760758
   2658.341557629
   2659.658316021
   2660.610245803
   2661.582573758
   2662.183573435
   2663.393945622
   2664.235489083
   2666.030101479
   2666.982849073
   2668.291859038
   2668.663651403
   2669.253744888
   2670.998998582
   2671.918382671
   2672.603779589
   2673.874618711
   2675.271759130
   2676.066490229
   2677.246193893
   2678.538156522
   2679.025281597
   2680.039021546
   2680.843117133
   2681.841051456
   2683.882275551
   2684.529156905
   2685.377113426
   2686.496160151
   2687.489939808
   2688.385081596
   2689.423275981
   2690.633186856
   2691.318382840
   2692.368718959
   2694.102820613
   2695.208957969
   2695.750049240
   2696.695372582
   2697.857558215
   2698.290961320
   2699.942027500
   2700.731207011
   2702.433544847
   2703.143657511
   2703.981714245
   2704.955737553
   2706.528247327
   2707.090764646
   2708.117069229
   2708.476524962
   2710.368359824
   2711.458227864
   2712.786687335
   2713.525289303
   2714.367906689
   2715.339871631
   2716.025049049
   2717.665774871
   2718.308652474
   2719.770998978
   2720.493474899
   2721.798775617
   2723.086082744
   2723.768928850
   2724.523924437
   2725.882989204
   2726.479701034
   2727.274459432
   2729.395041669
   2730.492891807
   2730.797702080
   2732.004049913
   2732.830123558
   2734.200782969
   2734.938856084
   2736.000479107
   2736.922048440
   2738.266444164
   2739.513547296
   2740.311109420
   2741.878852421
   2742.254107878
   2742.993068160
   2743.953469810
   2745.321831898
   2746.714798952
   2747.514097996
   2748.916191066
   2749.643649789
   2750.314083410
   2751.823671457
   2752.715502495
   2753.487796417
   2754.458663083
   2755.416876191
   2757.301868214
   2758.278103328
   2758.858670969
   2759.898613920
   2760.657151540
   2762.082880144
   2762.444580466
   2764.041846252
   2765.407691146
   2766.157035590
   2766.887269747
   2768.664523888
   2769.144698796
   2770.279093644
   2771.017392143
   2771.896293660
   2773.029713424
   2774.670010733
   2775.725707342
   2776.619160308
   2777.512125203
   2778.289695300
   2779.127539134
   2780.771118379
   2781.656070228
   2781.989239655
   2783.943665287
   2784.705283876
   2786.043335739
   2786.702566351
   2787.932021258
   2788.796278014
   2789.197561121
   2790.493080792
   2792.113378557
   2793.301469241
   2794.238093337
   2794.653824666
   2796.034761604
   2797.174539351
   2797.972901230
   2798.798140177
   2800.067444818
   2800.937603116
   2802.224801536
   2803.864955139
   2804.418935677
   2805.205300363
   2806.002732415
   2807.132318371
   2808.153501198
   2809.291652245
   2810.724634083
   2811.460992224
   2812.861997589
   2813.201488028
   2814.656757981
   2815.838653991
   2816.337954816
   2817.458907317
   2817.949462161
   2820.488842021
   2820.660841054
   2821.891930075
   2822.923026217
   2823.866992057
   2824.281884122
   2825.872656692
   2826.712170375
   2828.029973946
   2828.851526591
   2830.087545290
   2831.128425437
   2832.416550858
   2833.138035852
   2833.658717233
   2834.980248463
   2835.775847744
   2837.014472081
   2838.812881529
   2839.485753395
   2840.285754911
   2840.920672973
   2842.332641081
   2843.469837885
   2844.198986963
   2845.025433610
   2846.390776213
   2847.535935530
   2848.770308556
   2849.797086647
   2850.471888197
   2851.678938036
   2852.303726568
   2852.926214765
   2854.832394232
   2855.853721193
   2856.816133544
   2857.736139810
   2858.857860356
   2859.838748954
   2860.577436498
   2862.120208237
   2862.506966278
   2863.363589552
   2864.911426759
   2866.493209756
   2867.149356094
   2868.224163663
   2868.657629194
   2869.843456575
   2870.909506375
   2872.023511114
   2872.858555184
   2874.569154073
   2875.282119166
   2875.889914341
   2877.546649152
   2878.527002624
   2879.119907547
   2879.868973939
   2880.978994738
   2882.153646391
   2884.013657553
   2884.346757790
   2885.773055403
   2886.308874640
   2887.224885507
   2888.394382456
   2889.404168048
   2890.642626362
   2891.280078215
   2892.462624017
   2894.174448737
   2894.746550357
   2895.641103862
   2896.825405168
   2897.428300566
   2898.541353180
   2899.177779837
   2901.263850362
   2902.065102481
   2902.855785528
   2903.957879043
   2904.598196022
   2906.176417597
   2906.923339343
   2907.605736911
   2908.658045520
   2910.028233435
   2911.142903665
   2912.345904726
   2913.522785867
   2914.044611072
   2914.802702224
   2915.685975328
   2917.274173441
   2917.982416702
   2919.321772327
   2920.615555992
   2921.083198935
   2922.396084557
   2923.390932357
   2924.333434995
   2925.261509119
   2926.295436226
   2926.624014686
   2928.761073847
   2930.004366372
   2930.711168697
   2931.069101112
   2932.806414414
   2933.174857162
   2934.290717836
   2935.552463705
   2936.550374849
   2937.708958982
   2938.581220351
   2939.847529163
   2941.261601535
   2941.425217756
   2942.724885865
   2943.353684960
   2944.321648794
   2945.944499286
   2946.922394895
   2948.374261866
   2948.867577209
   2949.790143026
   2950.521108352
   2952.283829639
   2952.827176584
   2953.589030991
   2954.711275291
   2956.258730424
   2957.236259247
   2958.290776257
   2959.221014234
   2960.033617811
   2960.814839266
   2961.825970575
   2962.819636335
   2964.633921497
   2965.398341584
   2966.065269746
   2967.270190425
   2968.405348995
   2969.401136656
   2970.049930111
   2971.122238125
   2972.308884109
   2972.811686391
   2975.018020413
   2975.619957166
   2976.526232137
   2977.553574914
   2977.981978512
   2979.319042212
   2980.487381007
   2981.343947484
   2982.523719896
   2983.825333266
   2984.639177804
   2985.547666235
   2986.805393383
   2987.856151502
   2988.634699665
   2988.855046367
   2990.423270574
   2992.163668673
   2992.868866377
   2993.974353094
   2994.865507047
   2995.540266916
   2996.736506016
   2997.647203115
   2998.959301099
   2999.494492996
   3001.023331164
   3001.707332456
   3003.477042853
   3004.290975917
   3004.662308408
   3005.772929284
   3006.990738365
   3007.468699218
   3008.882120871
   3010.514962131
   3011.344380181
   3012.074694786
   3012.788450549
   3014.459082207
   3014.911666503
   3016.348394170
   3016.700060810
   3017.783440191
   3019.461775780
   3020.487633899
   3021.420400693
   3022.447483795
   3023.338509068
   3023.930996074
   3024.793963871
   3026.510826908
   3027.299522807
   3028.401522530
   3029.499388370
   3030.594529651
   3031.289217468
   3032.756029361
   3033.218123973
   3034.360907192
   3035.074103948
   3036.133113238
   3037.980383590
   3039.033651044
   3039.521601572
   3040.500427565
   3041.256803549
   3042.653049854
   3043.670541622
   3044.055127982
   3046.050030225
   3046.454504219
   3047.708817641
   3048.922632490
   3050.019676757
   3050.801233316
   3051.342383344
   3052.476848524
   3053.348265937
   3054.986520867
   3056.242923310
   3056.765138113
   3058.013703011
   3058.901494693
   3059.437861758
   3061.062700118
   3061.837584445
   3062.726873164
   3063.435086484
   3065.286555585
   3066.320250404
   3067.071320241
   3068.013501342
   3068.984266186
   3069.782904780
   3070.542621550
   3072.000993378
   3073.185237780
   3074.523494285
   3075.033872877
   3075.833479242
   3077.427473307
   3078.286226918
   3078.897379147
   3079.871394644
   3080.856382342
   3082.163163759
   3083.361357990
   3084.838451504
   3085.377268994
   3085.965522259
   3087.018815358
   3088.083437042
   3089.222308945
   3090.282194903
   3091.154469701
   3092.687667039
   3093.185445717
   3094.833068430
   3095.132031239
   3096.515485513
   3097.342606531
   3098.038354972
   3098.758089848
   3101.079373087
   3101.657370790
   3102.436089123
   3103.589916060
   3104.362546342
   3105.391402370
   3106.396352646
   3107.484255857
   3108.303596267
   3109.533099790
   3110.557200381
   3111.920727714
   3112.840737859
   3113.755213668
   3114.473416201
   3115.002672414
   3116.720450816
   3117.269723388
   3118.955013666
   3119.957556604
   3120.986214976
   3121.337219763
   3122.610128875
   3124.150225164
   3124.525922646
   3125.374441472
   3126.450116435
   3127.693012373
   3129.468612610
   3129.796205505
   3130.877663730
   3131.861090216
   3132.698331366
   3133.398883823
   3134.635445901
   3136.015560752
   3137.175172667
   3137.613495212
   3139.049508499
   3140.138494142
   3141.001174828
   3141.748032543
   3142.979456728
   3143.567499184
   3144.490488145
   3146.283528376
   3147.344606628
   3148.379041870
   3148.861228784
   3149.771738698
   3150.824652722
   3152.151059466
   3152.994559997
   3153.596976530
   3155.312108218
   3156.300357947
   3156.905761455
   3158.578287708
   3159.265204659
   3159.804097579
   3161.061912578
   3161.402435208
   3163.311959558
   3164.350531321
   3165.540597894
   3166.139586714
   3167.121094757
   3168.197515714
   3169.179764608
   3170.014131566
   3171.343958070
   3171.837774346
   3173.011633917
   3174.815385976
   3175.528722744
   3176.480343517
   3176.915636009
   3178.371705005
   3178.902595537
   3180.011213373
   3181.328501713
   3182.839446920
   3183.205673347
   3184.451499960
   3185.214344580
   3186.545869430
   3187.646162708
   3188.055482329
   3188.877460715
   3190.168661963
   3191.706256364
   3192.681791617
   3193.557208472
   3194.786707379
   3195.326699927
   3195.793895634
   3197.547165657
   3198.430125768
   3199.248977114
   3200.663270230
   3201.424866362
   3202.778286501
   3203.630891153
   3204.557410188
   3205.497580563
   3206.228893304
   3207.270062357
   3208.086133892
   3210.352420540
   3210.670388301
   3211.618832521
   3212.319227342
   3213.606498798
   3214.667562488
   3215.325298905
   3216.491524692
   3217.430804779
   3218.659983744
   3219.639171306
   3221.198341683
   3221.609476301
   3222.813840823
   3223.372566375
   3224.213706520
   3225.366715965
   3227.044102375
   3227.525149514
   3229.016311632
   3229.981066961
   3230.336636732
   3231.741347918
   3232.738713126
   3233.913360603
   3234.306591245
   3235.154617184
   3237.087579532
   3237.998236326
   3239.090434563
   3239.767314075
   3240.605747278
   3241.595312938
   3242.568307582
   3243.501652712
   3244.884157091
   3246.040157816
   3246.841676162
   3247.570503533
   3249.308085745
   3249.906446319
   3250.613324267
   3251.510637744
   3252.723990907
   3253.369017244
   3255.142076593
   3256.346612817
   3256.941943205
   3257.831340011
   3258.706714275
   3259.539730686
   3261.192124421
   3261.535312602
   3262.718968695
   3263.784940489
   3265.198771598
   3266.153786420
   3266.803954480
   3268.188517856
   3268.909408586
   3269.516785360
   3270.310803458
   3272.019397611
   3273.363032965
   3274.059953013
   3274.863567638
   3276.124154987
   3276.694554680
   3278.059478291
   3278.986193734
   3279.489509642
   3280.976418714
   3281.706690820
   3283.239124300
   3284.499863133
   3285.202828752
   3285.682259711
   3286.718540341
   3287.773091993
   3288.936972845
   3289.724306537
   3291.385725928
   3292.222642049
   3292.856716098
   3293.975869246
   3295.266663233
   3296.021754765
   3296.873142162
   3297.836842311
   3298.357878622
   3300.450576192
   3301.413776304
   3302.017097666
   3303.317261842
   3303.813719206
   3305.076177241
   3305.472088699
   3307.221711602
   3308.045402223
   3308.832877515
   3310.235706774
   3311.155306118
   3312.349459451
   3313.199876673
   3313.842662273
   3315.015013827
   3315.619742541
   3316.752453418
   3318.387470172
   3319.412648993
   3320.476699682
   3320.887941461
   3321.663572699
   3323.490923180
   3323.875124914
   3324.925684145
   3325.691627038
   3327.338441751
   3327.988269208
   3329.465583951
   3330.290400360
   3331.299404161
   3331.892288244
   3332.700898578
   3333.781382961
   3335.045996424
   3336.575968430
   3337.044211897
   3338.150407356
   3339.256673695
   3340.117152697
   3340.972263638
   3342.211554859
   3343.051722278
   3343.604908510
   3344.852255868
   3346.848430817
   3347.397830991
   3347.936001611
   3349.301027927
   3349.856252115
   3350.803704025
   3352.153804097
   3352.845364543
   3354.278231280
   3355.483680305
   3355.880578183
   3357.198154118
   3358.402699623
   3359.359283068
   3359.852404381
   3360.584153298
   3361.887588621
   3363.233878349
   3364.355763554
   3365.600957469
   3366.120883810
   3367.055542540
   3367.769443868
   3369.183728555
   3370.061651747
   3370.997536143
   3371.922445601
   3373.160140925
   3374.427471990
   3375.379955756
   3376.298386044
   3376.820970848
   3378.258956963
   3378.780608495
   3379.460192667
   3381.634647447
   3382.296714922
   3383.348489576
   3383.871212415
   3385.177310828
   3386.166295749
   3387.149564459
   3387.808777786
   3389.091880157
   3389.648879041
   3391.481233732
   3392.147572632
   3393.651785893
   3394.137666352
   3394.991106311
   3395.614850938
   3396.890066311
   3398.271677189
   3398.841197218
   3400.322476548
   3401.387450700
   3402.000441415
   3403.008864821
   3404.362761573
   3405.132918695
   3405.809942805
   3406.679482810
   3407.728314290
   3409.578736852
   3410.424565212
   3411.223633497
   3411.855830275
   3413.219036005
   3413.710819477
   3415.006415298
   3415.806623573
   3417.201725528
   3418.194842707
   3418.744246677
   3420.540582987
   3421.307537317
   3421.882420408
   3423.128594192
   3423.611394670
   3424.728989863
   3425.830917736
   3427.431811006
   3428.345014649
   3429.077161459
   3430.158809529
   3430.611618680
   3432.026366532
   3433.306331160
   3433.769710163
   3434.432930181
   3436.183607570
   3437.219161607
   3438.212616155
   3439.112430155
   3440.229299588
   3440.844025770
   3441.467977671
   3442.683392445
   3444.036570702
   3445.277432469
   3446.015386158
   3447.158925421
   3447.700517605
   3449.497002716
   3449.685001064
   3450.723487593
   3451.940669428
   3452.569816770
   3453.677893918
   3455.488799435
   3456.258614559
   3457.184172894
   3457.573598858
   3458.665410625
   3460.046064020
   3460.484230469
   3461.915971198
   3462.896732402
   3464.083832160
   3464.977695252
   3465.827155727
   3467.204403986
   3467.909471077
   3468.775551367
   3469.551913133
   3470.214108961
   3472.249018221
   3473.168763395
   3473.814882020
   3475.219106733
   3475.717792819
   3476.519931771
   3477.700190285
   3479.049830179
   3479.465965313
   3480.682915951
   3481.776396694
   3483.057856801
   3484.159388044
   3484.884585353
   3485.691497728
   3486.534339669
   3487.539477843
   3488.455776622
   3489.665123316
   3491.550561368
   3491.811099965
   3492.414435580
   3493.720613083
   3494.816408482
   3495.988931968
   3496.350361364
   3497.372960542
   3498.576136539
   3499.686553821
   3501.145919590
   3501.897095233
   3502.775867949
   3503.636215790
   3504.588927775
   3504.992627195
   3506.860778988
   3507.545273797
   3508.772500867
   3509.636408038
   3510.845083645
   3511.731091113
   3512.473586843
   3513.877573874
   3514.366752244
   3515.416808850
   3515.901814499
   3518.026445241
   3518.868409209
   3519.870186740
   3520.491665964
   3521.365040903
   3522.382212894
   3523.635835723
   3524.215220738
   3525.386566639
   3526.670256711
   3527.615207051
   3528.351824583
   3529.955744346
   3530.835046799
   3531.201023965
   3532.038508847
   3533.328243396
   3534.062588280
   3535.772576943
   3536.633250707
   3537.708013056
   3538.500568907
   3539.089936525
   3540.456758809
   3541.357522377
   3542.340883918
   3543.322306535
   3543.816796285
   3545.699212171
   3546.864134595
   3547.314781396
   3548.351252964
   3549.458356776
   3550.065059226
   3550.853298372
   3552.080209750
   3553.840680597
   3554.165034789
   3555.534145072
   3556.065234536
   3557.427102353
   3558.349345038
   3559.265664700
   3560.019248824
   3560.776183335
   3562.162435083
   3563.215121486
   3564.760770714
   3565.396422887
   3566.284910776
   3566.916683897
   3567.733251751
   3569.343132086
   3570.008671365
   3570.822916555
   3572.513965628
   3573.079804301
   3574.100016307
   3575.493155747
   3575.955379645
   3577.205283986
   3577.981184110
   3578.410382621
   3579.750102617
   3581.585338239
   3582.394916620
   3582.923042186
   3583.945574775
   3585.206278713
   3585.684448659
   3586.840745006
   3587.968813668
   3588.859444520
   3589.745006545
   3590.983471294
   3592.405889080
   3593.028558840
   3594.227274785
   3594.469272698
   3595.779063754
   3596.421772540
   3597.802641293
   3598.948560206
   3600.166323797
   3601.104013685
   3601.791282752
   3602.418894263
   3604.248053633
   3604.754984018
   3605.494474972
   3606.359317624
   3607.574809645
   3609.283333035
   3609.700266169
   3611.101631552
   3611.910994676
   3612.324192688
   3613.549021241
   3614.327814642
   3615.606268126
   3616.840689134
   3617.802842397
   3618.452558516
   3619.885723508
   3620.705570450
   3621.886132366
   3622.179274502
   3623.558468475
   3624.437503558
   3624.881726598
   3627.060315519
   3627.949114789
   3628.610375056
   3629.407217612
   3630.363425045
   3631.308684289
   3632.478178334
   3633.440157775
   3634.056193093
   3635.673633427
   3636.439638357
   3637.540657718
   3638.553707679
   3639.679806518
   3640.362976494
   3641.010538146
   3641.707123241
   3643.479573646
   3644.403358341
   3645.632116644
   3646.450894372
   3647.284261680
   3648.158454688
   3649.166164133
   3650.302043571
   3651.253106164
   3651.783523375
   3653.088326196
   3654.211437503
   3655.905726441
   3656.334529766
   3656.892829633
   3658.129372194
   3658.921689553
   3659.907500749
   3660.735665815
   3662.368949297
   3663.448288853
   3664.002007105
   3664.878137729
   3666.237025973
   3667.307339233
   3667.735638946
   3669.030191157
   3669.423746307
   3670.731997269
   3672.349351294
   3673.159176144
   3674.087608958
   3675.262610130
   3675.662484246
   3676.368938137
   3677.893295663
   3678.847783057
   3679.818311650
   3680.583983908
   3682.418731434
   3682.571730549
   3683.971024204
   3684.859893089
   3685.974442143
   3686.271337181
   3687.538413760
   3688.177027971
   3690.184258111
   3691.039162253
   3691.756939721
   3692.647653927
   3693.370984735
   3694.791126718
   3695.672790133
   3696.121982633
   3697.585963646
   3698.547362767
   3699.430292631
   3700.838316760
   3702.050756988
   3702.460155933
   3703.347476074
   3704.209894383
   3705.129228188
   3706.294721356
   3707.579055361
   3708.658452869
   3709.582271722
   3710.371491777
   3711.404818176
   3712.170139466
   3713.583581053
   3714.424676840
   3714.739333587
   3715.846459035
   3717.751095917
   3718.498355476
   3719.483495399
   3720.182048933
   3721.296040000
   3722.058836767
   3722.627320553
   3724.388127501
   3724.882319990
   3726.517718265
   3727.105295975
   3727.938465956
   3729.472791702
   3730.187320676
   3731.075159248
   3731.652937303
   3732.847475614
   3733.671696805
   3735.007644635
   3736.462855617
   3737.426702786
   3737.847779332
   3738.588055468
   3739.831690660
   3740.875153687
   3741.925079349
   3742.485013547
   3743.859616212
   3744.846671965
   3746.135972513
   3746.840953103
   3747.997127045
   3748.752860723
   3749.672707911
   3750.303158431
   3751.164644510
   3753.186449130
   3753.946989066
   3754.507321885
   3755.922818842
   3756.524972712
   3757.481439850
   3758.696426296
   3759.359216676
   3760.582729131
   3761.085334950
   3762.475079096
   3763.999842699
   3764.644280170
   3765.746026065
   3766.455967532
   3766.872421485
   3768.338640156
   3769.293394313
   3770.105497899
   3771.728992762
   3772.512331217
   3773.467327741
   3773.941580305
   3775.752711841
   3776.258807342
   3777.143244332
   3777.833370602
   3778.839373785
   3780.226486451
   3781.668646123
   3782.390575662
   3783.126649464
   3784.265550344
   3784.865105100
   3785.791018601
   3786.935697906
   3788.263664870
   3788.800050330
   3790.041776673
   3791.020914403
   3792.560247672
   3792.872479502
   3793.790990277
   3795.021653416
   3795.808588148
   3796.139177933
   3797.854055844
   3799.298497077
   3800.132426403
   3800.877635579
   3801.590617176
   3802.640239734
   3803.829200466
   3804.790840394
   3805.434646755
   3806.297896755
   3808.093049896
   3808.459507837
   3809.874248313
   3811.184712333
   3811.428221765
   3812.544754399
   3812.978308902
   3814.327017462
   3815.531819858
   3816.602598128
   3817.768707914
   3818.505533966
   3819.414498548
   3820.438313369
   3821.438059665
   3822.371913386
   3823.148110408
   3824.418553125
   3824.541037159
   3826.947627238
   3827.576335686
   3828.339520520
   3829.144810487
   3830.161823923
   3831.034679120
   3831.932487128
   3832.941548849
   3834.353094561
   3835.220398724
   3836.022881981
   3837.238847223
   3838.084058667
   3839.426268466
   3839.974002766
   3840.504678748
   3841.682344812
   3842.678532636
   3844.403553213
   3844.897010964
   3846.487475476
   3846.747301185
   3847.681749671
   3848.415301006
   3850.170201815
   3850.603920438
   3851.410102462
   3852.703102475
   3853.860293846
   3854.902586333
   3855.955254473
   3856.703867396
   3857.610583015
   3858.448586237
   3859.285738177
   3860.093008505
   3861.852719325
   3862.983783667
   3863.658286020
   3864.150190996
   3865.565077205
   3866.822404111
   3866.972328125
   3868.412859074
   3869.144666921
   3870.114034539
   3871.291750189
   3872.666546573
   3873.810208381
   3874.229614846
   3875.105197585
   3876.173740690
   3876.657964937
   3878.256174941
   3879.110338710
   3880.082213598
   3881.540350514
   3882.116845258
   3882.899992550
   3884.209799208
   3885.109963086
   3886.225209766
   3886.451289791
   3887.352013760
   3889.155346344
   3890.309181969
   3891.086883003
   3891.929936986
   3893.001131077
   3893.407062083
   3894.783730291
   3895.567931274
   3896.642632278
   3897.870750290
   3898.651961795
   3899.623743454
   3901.007764610
   3902.077427042
   3902.411160511
   3903.351543071
   3904.379191304
   3905.344851666
   3906.119319112
   3908.188165438
   3908.606362666
   3909.465847404
   3910.632716857
   3910.911438236
   3912.642948599
   3913.259137862
   3914.219923269
   3914.949001245
   3916.176538560
   3917.658165954
   3918.443052988
   3919.222740961
   3920.540431095
   3921.152570242
   3921.652560349
   3922.665203224
   3924.193310525
   3925.247119257
   3926.176083584
   3927.080517370
   3928.142218295
   3928.886559207
   3930.099281280
   3930.891086382
   3931.745217360
   3932.624568087
   3933.516881842
   3934.938347810
   3936.443286120
   3936.974234314
   3937.905380853
   3938.214616538
   3939.775186812
   3940.434637597
   3941.630029648
   3942.352722188
   3944.030362807
   3944.650915652
   3945.333063668
   3946.878983573
   3947.703864075
   3948.434192200
   3949.313705822
   3950.132375511
   3950.859466440
   3952.942870157
   3953.356526591
   3954.778621167
   3955.176546373
   3956.420217192
   3957.019901777
   3957.954717946
   3959.470755507
   3960.071028757
   3960.770534614
   3962.168461927
   3963.470348861
   3964.312649523
   3965.132707099
   3966.138714994
   3966.753894106
   3967.818761421
   3968.484653608
   3969.914600220
   3971.318070212
   3972.115760265
   3973.010681504
   3973.457014784
   3974.893413368
   3976.066183196
   3976.731418901
   3977.113908695
   3978.686119981
   3979.497341176
   3980.844099782
   3982.048502087
   3982.764068117
   3983.749795369
   3984.227435181
   3985.098725244
   3986.516179038
   3987.230709155
   3988.719449263
   3989.352175809
   3990.481409607
   3991.570890985
   3992.331105100
   3993.293163732
   3994.395873998
   3995.168459723
   3995.797813413
   3996.689040235
   3998.809292300
   3999.519248285
   4000.017285177
   4001.144258635
   4002.112349428
   4002.695719415
   4004.022451396
   4004.806731029
   4005.876737437
   4006.931920818
   4008.142030891
   4008.689596253
   4010.361019024
   4010.983311280
   4011.663881542
   4012.568916001
   4013.233688804
   4014.657294818
   4015.657651052
   4016.968938010
   4018.029268460
   4018.776951600
   4019.106065041
   4020.570773104
   4021.628014218
   4022.380106439
   4023.428504974
   4023.905151399
   4025.583199027
   4026.602759102
   4027.866297572
   4028.247172920
   4029.195557081
   4030.383280199
   4030.916107786
   4031.654311716
   4033.374476877
   4034.520820162
   4035.105599030
   4036.079389602
   4037.126014571
   4038.290698859
   4038.948310434
   4039.857819222
   4040.940563222
   4041.464677645
   4042.702480396
   4044.322287003
   4045.055147387
   4046.214784829
   4046.738210817
   4047.468044326
   4048.380709828
   4049.973704686
   4050.431390624
   4051.384379551
   4052.997625981
   4053.566272078
   4054.690712871
   4055.477852502
   4056.996361902
   4057.428904233
   4057.993493539
   4059.085428290
   4060.048996007
   4061.743933050
   4062.850288693
   4063.157725455
   4064.358380196
   4065.178475193
   4066.109592651
   4067.074106869
   4068.083223826
   4068.969297626
   4070.281912570
   4070.603677650
   4072.705128706
   4073.126450172
   4074.087681133
   4074.817064511
   4075.741346670
   4076.719781864
   4077.413345484
   4078.922771360
   4080.108304481
   4081.066083421
   4081.698568432
   4082.588348141
   4083.630042860
   4084.942883203
   4085.515370585
   4086.379221075
   4086.967478975
   4088.781881483
   4089.730285640
   4090.591265910
   4091.910846159
   4092.297206465
   4093.248362229
   4093.905911945
   4095.137930751
   4096.510847297
   4097.063684460
   4098.475186448
   4099.244845294
   4100.107534131
   4101.578447922
   4102.037362535
   4102.825941826
   4104.141331202
   4104.613098580
   4105.512852569
   4107.327219356
   4108.624233430
   4108.852443161
   4109.710931286
   4110.634319887
   4111.859845445
   4112.667206019
   4113.485989227
   4114.687567837
   4115.615773798
   4116.813980891
   4117.600710742
   4118.974352669
   4119.596332883
   4120.634210584
   4121.348656802
   4121.794658787
   4123.240086670
   4124.648829380
   4125.592128453
   4126.378063880
   4127.593370807
   4128.298166700
   4128.777675203
   4130.466763780
   4131.136979900
   4131.928002433
   4132.724451309
   4134.050648827
   4135.441760020
   4136.396688873
   4136.974853483
   4137.962941380
   4138.838339556
   4139.464099155
   4140.892830116
   4141.373775320
   4143.347062502
   4143.897624856
   4144.603298798
   4145.564792569
   4147.071922280
   4147.595069547
   4148.652520779
   4149.069451051
   4150.445097953
   4151.146851510
   4152.768725266
   4153.839146745
   4154.630899006
   4155.334787262
   4156.296304964
   4156.913907992
   4158.129334414
   4159.480461699
   4159.921665840
   4161.096281182
   4162.377914596
   4163.278853051
   4164.135351441
   4165.139162956
   4166.078428062
   4166.984173408
   4167.509875344
   4168.303453626
   4170.482806111
   4170.875114381
   4172.130758052
   4172.876966852
   4173.416864023
   4174.873181875
   4175.512052253
   4176.643071922
   4177.322188622
   4178.530304183
   4179.574699432
   4180.503181765
   4181.922493184
   4182.850792879
   4183.377504372
   4183.846344459
   4185.312727675
   4185.957936687
   4187.200718848
   4188.419977240
   4189.615279793
   4190.233269291
   4190.985912226
   4192.109712346
   4193.175851164
   4194.092245882
   4194.899013889
   4195.541351655
   4196.604548356
   4198.425989113
   4199.335192630
   4199.633002830
   4200.997463467
   4201.827002236
   4202.416698746
   4203.280813660
   4204.736011073
   4205.627365267
   4206.870191888
   4207.354542106
   4208.734782098
   4209.642902760
   4210.549793194
   4211.527980700
   4212.170228130
   4212.967293233
   4214.117686584
   4215.179293282
   4216.832135764
   4217.495524249
   4218.230788627
   4219.086410356
   4219.672061531
   4221.306739710
   4222.126671441
   4222.507243705
   4223.901179993
   4225.282365846
   4225.722307331
   4227.210630502
   4227.984705072
   4228.980834107
   4229.533411498
   4230.657847975
   4231.008079755
   4232.660327381
   4234.137260751
   4234.672186486
   4235.502814785
   4236.708778083
   4237.343105088
   4238.581562429
   4239.083355091
   4240.609223279
   4241.104024290
   4241.783753083
   4243.573652494
   4244.575822635
   4245.621059998
   4246.010961504
   4247.050666370
   4247.882863618
   4248.798229920
   4249.842360551
   4251.024571917
   4252.063770375
   4253.452157043
   4253.641943496
   4254.606741243
   4256.253977916
   4256.903916382
   4257.398426071
   4258.412309499
   4259.219971503
   4260.828780400
   4261.801316154
   4262.834917760
   4263.851070090
   4264.326484097
   4265.197753530
   4266.175526298
   4267.375018116
   4268.223032064
   4269.311963383
   4270.228945852
   4271.219357725
   4272.626546683
   4273.266070376
   4274.006198485
   4275.106732634
   4275.863648070
   4276.733176340
   4277.420042959
   4279.548867188
   4280.161625525
   4280.973787693
   4281.587159761
   4282.943479139
   4283.493728633
   4284.844965402
   4285.629053649
   4286.158107287
   4287.680518179
   4288.504766274
   4289.812145761
   4290.683826358
   4291.674919392
   4292.726444975
   4292.817263391
   4293.813814960
   4295.348211448
   4296.247687554
   4297.269668493
   4298.663179090
   4299.054947283
   4300.089148378
   4301.012050609
   4302.145194882
   4303.183384179
   4303.534636903
   4304.617528000
   4305.613823712
   4307.449077599
   4307.998991754
   4309.172964977
   4309.358615069
   4310.632176097
   4311.662007244
   4312.226430124
   4313.401370260
   4314.799283160
   4315.573741806
   4316.464656307
   4317.356190740
   4318.867542854
   4319.406828393
   4320.162243602
   4321.074891627
   4322.076165190
   4322.664566486
   4324.546748008
   4325.293085726
   4326.350118585
   4327.394690704
   4327.700362559
   4328.615769054
   4330.027835915
   4330.890065792
   4331.851915622
   4332.303902287
   4334.020581084
   4335.063147369
   4335.606667165
   4337.133662606
   4337.451842981
   4338.719122160
   4339.027061505
   4340.087832539
   4341.413050960
   4342.901618175
   4343.563201207
   4344.334641491
   4345.249657155
   4346.242896210
   4347.628030072
   4347.788735323
   4348.975430852
   4350.013922106
   4350.871384355
   4351.952516633
   4353.700189732
   4354.220757625
   4354.724596591
   4355.893110782
   4356.482766408
   4357.587591693
   4358.755643133
   4359.500185597
   4361.191076818
   4361.486734505
   4362.761583186
   4363.525581319
   4364.546908846
   4365.671997009
   4366.527307543
   4367.000511849
   4367.711048430
   4369.537964927
   4370.734627510
   4371.362633022
   4372.227906507
   4373.433178291
   4373.863804411
   4374.695096161
   4376.083223911
   4376.982953296
   4377.768463362
   4379.103315875
   4379.759864529
   4381.091028310
   4382.125949499
   4382.875748523
   4383.466427318
   4384.419601139
   4385.579886329
   4386.083678707
   4387.756260026
   4389.029478392
   4389.719630869
   4390.351108275
   4391.021213067
   4392.574337675
   4393.358662553
   4394.028511126
   4395.060893844
   4395.951097931
   4397.223222686
   4398.451719633
   4399.177467304
   4400.270180040
   4401.175471549
   4401.533574080
   4402.808234517
   4403.239569923
   4405.218604640
   4405.832303994
   4406.706876416
   4407.973180940
   4408.623707863
   4409.666097134
   4410.491141982
   4411.715201531
   4412.237247491
   4413.216561164
   4413.934044512
   4415.850961826
   4416.593999029
   4417.580116976
   4418.241556471
   4418.971524791
   4419.922457573
   4421.141217995
   4421.904701206
   4422.790749621
   4424.339666554
   4425.244909575
   4425.495648733
   4427.164720657
   4428.073175843
   4428.881802432
   4429.488009567
   4430.247448793
   4431.424340483
   4432.575627455
   4434.029253196
   4434.779104837
   4435.529083293
   4436.423737984
   4437.394173678
   4437.976869629
   4439.557560714
   4440.107585509
   4441.064996265
   4441.984948578
   4443.365941871
   4444.564424110
   4445.238338541
   4445.772758249
   4447.263096017
   4447.732962462
   4448.301901069
   4449.635268127
   4451.098120800
   4452.188083705
   4452.680702067
   4453.734551271
   4454.462905440
   4455.762657973
   4456.703250192
   4457.245826340
   4458.188749333
   4459.171279017
   4460.548529288
   4461.404140478
   4462.734622195
   4463.647648067
   4464.038523257
   4464.812716128
   4465.805997569
   4467.228532885
   4467.739817015
   4469.170662737
   4469.978032832
   4471.361757252
   4471.550195590
   4472.959272018
   4474.186277577
   4474.317091779
   4475.801110932
   4476.246519158
   4477.015857063
   4479.269423276
   4479.730664772
   4480.533629739
   4481.410040221
   4482.366885689
   4483.238277467
   4484.123623369
   4485.052226104
   4486.327219163
   4487.084191428
   4488.070667249
   4489.240895548
   4490.295506996
   4491.218481252
   4492.008277880
   4492.638034669
   4493.533634735
   4494.493755902
   4495.810018030
   4496.893451767
   4498.107112046
   4498.778394073
   4499.585223107
   4500.164602396
   4501.627186644
   4502.673855554
   4503.329854346
   4503.715555681
   4505.458867094
   4506.311496729
   4507.745182883
   4508.211436900
   4509.371444647
   4509.943668937
   4511.040014029
   4511.462718597
   4512.809991107
   4514.077139589
   4515.191306765
   4516.089845214
   4516.365671041
   4518.275389222
   4518.584679214
   4519.574800020
   4520.538555009
   4521.475485153
   4522.144077728
   4523.237464379
   4524.973397158
   4525.790882297
   4526.348586359
   4527.353633124
   4527.943893545
   4529.069234592
   4530.025233174
   4531.318968338
   4531.643575987
   4533.297976471
   4534.135598245
   4534.935556005
   4535.907562518
   4537.252568547
   4537.806098344
   4538.508935088
   4539.188862923
   4540.347726623
   4542.129666251
   4542.620486098
   4543.746922274
   4544.720271321
   4545.263343636
   4546.141207421
   4547.593415369
   4547.938636006
   4549.281071828
   4550.068688879
   4550.979693585
   4552.321926161
   4553.536850281
   4554.197951051
   4554.959391487
   4555.595473599
   4556.891310536
   4557.533974071
   4558.396623828
   4560.215941098
   4560.999833506
   4561.629346602
   4562.596817089
   4563.416046270
   4564.815955842
   4565.416958272
   4566.253326081
   4567.121450991
   4567.941686478
   4569.615770295
   4570.433329175
   4571.457898784
   4572.249860419
   4573.246173187
   4573.924130512
   4574.297621384
   4576.189954392
   4576.793917800
   4577.859111431
   4578.927025832
   4579.956917854
   4580.717084505
   4581.894187213
   4582.568249086
   4583.673687922
   4584.380768499
   4584.977258165
   4586.207762605
   4587.674877079
   4588.977914221
   4589.643449489
   4589.748811534
   4591.204146513
   4592.049309089
   4593.159791573
   4593.836891986
   4594.787190560
   4596.263664401
   4596.829908459
   4597.820812342
   4599.373672440
   4599.907579439
   4600.630054114
   4601.602961817
   4602.256123514
   4603.209690546
   4604.641681401
   4605.883451694
   4606.462472402
   4607.753032587
   4608.216380946
   4609.224160777
   4610.084231646
   4611.484674459
   4612.028597459
   4612.788854014
   4613.684307641
   4615.536616092
   4616.222300662
   4616.958582780
   4618.107678910
   4618.767170619
   4619.465593895
   4620.544365613
   4621.348279218
   4622.819323121
   4623.805611945
   4624.726278754
   4625.409262502
   4626.342985701
   4627.790229823
   4628.463443403
   4628.974234757
   4629.888782939
   4631.226406989
   4631.762401044
   4633.564438992
   4634.307105419
   4635.357160887
   4636.028343961
   4636.392280749
   4637.792071979
   4638.748153748
   4639.715380823
   4640.561739731
   4641.758272380
   4642.685758177
   4643.751735864
   4644.753105528
   4645.362987352
   4646.739486074
   4647.117263732
   4648.112608175
   4648.564886817
   4650.614330328
   4651.664121146
   4652.088399129
   4653.119156055
   4654.068949600
   4654.947323958
   4655.721560896
   4656.922418573
   4657.820890195
   4658.394949958
   4659.918687611
   4660.563963934
   4662.080004603
   4662.945890919
   4663.505025594
   4664.322897244
   4665.141375953
   4666.090798753
   4667.424428268
   4668.055177752
   4669.829513522
   4670.350631746
   4671.032106499
   4671.877847965
   4673.282690521
   4674.126716049
   4674.741639863
   4675.727566686
   4676.334095816
   4677.930219147
   4679.087491041
   4680.088468859
   4680.606397111
   4681.604890747
   4682.648662425
   4683.021291067
   4684.186914790
   4685.407789640
   4686.708155146
   4687.072177975
   4688.252603006
   4689.505062437
   4690.178840007
   4691.296768789
   4691.862100093
   4692.866432862
   4693.939417293
   4694.173942795
   4696.095849873
   4697.354147472
   4697.774403761
   4698.924504209
   4699.497252231
   4700.158603281
   4701.842587035
   4702.437645696
   4703.015173841
   4704.338118406
   4705.482138783
   4706.468570903
   4707.187171952
   4708.595427452
   4709.332678157
   4709.944940346
   4710.552242005
   4711.691980185
   4712.777797476
   4714.247723107
   4714.997962825
   4715.952621729
   4716.660239219
   4717.733401081
   4718.529894767
   4719.595704167
   4720.386694376
   4721.537540938
   4721.954561819
   4723.234934939
   4724.996421878
   4725.487196575
   4726.271143853
   4726.949295827
   4728.211604352
   4728.750507230
   4729.661501548
   4730.962714324
   4732.021907045
   4733.193764940
   4733.844098700
   4734.527817833
   4736.044923936
   4736.596840064
   4737.784035549
   4738.432582515
   4738.793733317
   4740.332565970
   4741.721885804
   4742.414037310
   4743.717920628
   4744.421811485
   4744.996853270
   4745.842419031
   4746.839593745
   4748.335806689
   4748.700881129
   4749.728100218
   4751.215949060
   4751.682732579
   4753.084026102
   4753.918835840
   4754.589564976
   4755.588948859
   4756.356140489
   4757.222671632
   4757.970669573
   4760.158590209
   4760.441048060
   4761.516430763
   4761.983993808
   4763.158188507
   4764.275424407
   4764.998476803
   4765.803255385
   4766.884818058
   4767.868858831
   4768.726470930
   4770.256497158
   4770.891284039
   4772.057494829
   4772.644938936
   4773.439797772
   4774.056619725
   4775.395711249
   4776.429201253
   4777.635676984
   4778.374124696
   4779.596151378
   4780.479123091
   4780.708587502
   4782.356874432
   4783.343224125
   4783.714516795
   4784.640967679
   4785.525415336
   4787.252675346
   4788.152570124
   4788.999015740
   4789.698347934
   4790.733815869
   4791.291170821
   4792.408824019
   4793.347319652
   4794.286764715
   4795.780117832
   4796.352903432
   4797.097933598
   4798.420841863
   4799.673211404
   4800.097767615
   4800.671002186
   4802.188369510
   4802.377850870
   4803.704592678
   4805.072216480
   4806.371973580
   4806.921270593
   4807.541012033
   4808.604499169
   4809.346880320
   4810.531881343
   4811.632288845
   4812.160772204
   4813.045552124
   4814.681559818
   4815.324276549
   4816.451758257
   4817.232875408
   4818.240133484
   4819.028426196
   4819.754628169
   4820.210030016
   4822.221164873
   4822.905726969
   4824.137537481
   4824.678397755
   4825.736295502
   4826.494341215
   4827.767321264
   4828.337946621
   4829.386309919
   4830.136823558
   4831.185693209
   4832.224866731
   4833.663263959
   4834.665341190
   4835.144026610
   4835.951966776
   4836.608965379
   4838.026709907
   4838.660483731
   4839.647158112
   4841.064723647
   4842.043504688
   4842.585412400
   4843.621336001
   4844.699612969
   4845.696734419
   4846.657760144
   4846.916049335
   4848.107405391
   4848.885041904
   4850.871518792
   4851.468722998
   4852.001065083
   4853.425815432
   4854.027006706
   4854.574296103
   4855.718462364
   4856.921830079
   4857.815380260
   4858.604172218
   4859.680531624
   4860.809330726
   4862.076654388
   4862.359349646
   4863.760153920
   4864.191948668
   4865.055351274
   4866.071578272
   4866.954021269
   4868.588327039
   4869.466636286
   4870.517253832
   4870.696564723
   4871.705539530
   4873.193181376
   4873.818446227
   4874.789996783
   4875.237660837
   4876.743142327
   4877.725299568
   4878.629005583
   4880.058127359
   4880.609661002
   4881.311012342
   4882.304462235
   4882.890785936
   4883.927414232
   4885.362074724
   4886.270478880
   4887.198480647
   4888.175610835
   4888.908079345
   4890.214451318
   4890.627756889
   4891.783056076
   4892.934979043
   4893.388337636
   4893.963169530
   4895.963739546
   4896.957746691
   4897.650781298
   4898.457291766
   4899.161200689
   4900.429563378
   4900.742881746
   4902.307209903
   4902.821632069
   4904.228632937
   4905.142489081
   4906.098238142
   4906.699541974
   4908.330089351
   4908.913521445
   4909.624111715
   4910.245081667
   4911.291910102
   4912.451308936
   4913.660637618
   4914.792645832
   4915.700240690
   4916.332164479
   4917.230780505
   4917.807535043
   4919.487036337
   4919.889325052
   4920.840430544
   4921.970590628
   4922.718991374
   4924.317098251
   4925.077606689
   4925.795026681
   4926.727642210
   4927.597951291
   4928.526064803
   4928.957136246
   4930.240318443
   4932.036812774
   4932.600670526
   4933.068125844
   4934.352289122
   4935.200994250
   4936.133949524
   4937.207162986
   4937.770365698
   4938.753815526
   4939.641724785
   4940.852294862
   4942.135528578
   4942.976896464
   4943.977866732
   4944.641603022
   4945.186898518
   4946.119253477
   4947.500490322
   4948.389808797
   4949.085915385
   4950.615812590
   4951.502384929
   4951.878797918
   4953.200555668
   4954.255067680
   4954.976576379
   4955.822259816
   4956.466055279
   4957.331889630
   4959.028989321
   4960.163928407
   4960.758090265
   4961.688462945
   4962.261952448
   4963.526118618
   4964.307031405
   4964.925235090
   4966.633216270
   4966.868645587
   4968.394640927
   4968.836094655
   4970.479982679
   4971.339245556
   4971.824996150
   4972.713491617
   4973.711578032
   4974.430478147
   4975.310997141
   4976.964034078
   4977.755154087
   4978.847855754
   4979.580892327
   4980.118762529
   4981.192703747
   4982.512361526
   4983.225027315
   4983.979975830
   4984.568543575
   4986.252566836
   4987.187900983
   4988.191597307
   4988.905166591
   4990.345480286
   4990.449701819
   4991.214774409
   4992.379462341
   4993.495748984
   4994.632742172
   4995.879247705
   4996.220820877
   4997.396150709
   4998.370030196
   4999.329681373
   5000.234316933
   5000.834381432
   5001.889773627
   5002.854002890
   5003.484944378
   5005.495907488
   5006.208381106
   5006.788558806
   5007.485982920
   5008.626199656
   5009.229044117
   5010.811172546
   5010.933198106
   5012.396833740
   5013.533605873
   5014.238442054
   5015.357927938
   5016.192546914
   5017.347756568
   5018.084913546
   5018.939831850
   5019.395831473
   5020.352759395
   5022.203022984
   5022.834526019
   5023.904889142
   5024.725752596
   5025.730993594
   5026.185476882
   5027.221563709
   5028.537886821
   5029.216956939
   5030.026936940
   5030.967858187
   5032.399063541
   5033.166566080
   5034.550361163
   5035.013416409
   5035.523058437
   5036.841667107
   5037.500692757
   5038.324319635
   5039.621887453
   5041.041398994
   5041.798034522
   5042.492149716
   5043.015445394
   5044.656791091
   5045.467130480
   5045.941675502
   5046.997617429
   5047.863086182
   5048.790228820
   5050.308459699
   5051.106699534
   5052.279310473
   5052.772155289
   5053.712365320
   5054.434547343
   5055.192672473
   5056.605813079
   5057.589996236
   5058.345409417
   5059.439905819
   5060.559080915
   5061.326249329
   5062.168472727
   5063.182715937
   5064.333813617
   5064.628972967
   5065.480124961
   5066.576539185
   5068.384815239
   5069.095935944
   5069.675544138
   5070.868551266
   5071.249797277
   5072.410372661
   5073.482256177
   5074.356062044
   5074.911470243
   5076.598637948
   5077.152989531
   5078.001109183
   5079.612726167
   5080.123622144
   5081.130097771
   5081.694344430
   5082.317781512
   5083.769848919
   5084.387439341
   5085.944230788
   5086.999761578
   5087.532668938
   5088.598901322
   5089.178093913
   5090.345876812
   5091.262957882
   5092.401941911
   5092.837760452
   5093.668880111
   5095.086913061
   5096.637933186
   5096.959423854
   5097.814429759
   5098.956789006
   5099.610743038
   5100.491462416
   5101.034063049
   5102.645948615
   5103.728341253
   5104.418093047
   5105.638635527
   5106.052225950
   5107.385740123
   5108.447770149
   5108.959096698
   5109.838982090
   5110.806041672
   5111.503124654
   5113.010157222
   5113.946042880
   5115.372842952
   5115.726762098
   5116.560557464
   5117.025993416
   5118.533838769
   5119.365669162
   5120.240023466
   5121.083490156
   5122.454781410
   5123.302893479
   5124.061784987
   5125.253686757
   5126.279118015
   5126.729993292
   5127.741716960
   5128.681624974
   5128.964483859
   5131.043898974
   5132.007167839
   5132.683137054
   5133.306575990
   5134.663043880
   5135.171964074
   5136.129936082
   5137.206291398
   5138.042957957
   5139.121530962
   5139.679125650
   5141.096623937
   5142.447907865
   5142.902032221
   5143.933700534
   5144.587752602
   5145.480449174
   5146.149645920
   5147.562791840
   5148.253527357
   5149.768260281
   5150.709614962
   5151.141849588
   5152.186214623
   5152.953127295
   5154.656845439
   5154.899143798
   5155.493362582
   5156.509447328
   5157.819065556
   5158.954824001
   5160.057736252
   5160.852779928
   5161.605392920
   5162.587186685
   5163.060164467
   5164.102312022
   5165.306771507
   5166.191972909
   5167.483594402
   5167.990828057
   5169.070194564
   5170.291516087
   5171.235927500
   5171.585481170
   5172.801688877
   5173.675024556
   5174.359901137
   5175.093122775
   5177.237132249
   5177.609630023
   5178.752194620
   5179.202606392
   5180.106626203
   5181.189792409
   5182.130914017
   5182.998826329
   5183.950307013
   5184.685795032
   5186.355746810
   5186.709472601
   5187.887847767
   5189.076719614
   5189.859588664
   5190.355291128
   5191.126801598
   5192.046486957
   5193.404415344
   5194.707488902
   5195.159163854
   5196.707324199
   5197.117498332
   5197.718324177
   5199.223858199
   5199.776329229
   5200.961311213
   5201.555843874
   5202.457989722
   5203.521216950
   5205.099606997
   5205.900595705
   5206.633161680
   5207.215066682
   5208.288522939
   5209.138239302
   5210.010911049
   5210.808218700
   5212.419404470
   5213.316674242
   5213.896943192
   5214.775252558
   5216.054491352
   5216.932009339
   5217.650795322
   5218.691413008
   5219.057877219
   5220.220855174
   5221.422951323
   5222.858787673
   5223.434428938
   5224.457463497
   5225.256065097
   5226.148424105
   5226.351540381
   5228.183098672
   5229.198557199
   5229.241811259
   5230.897209709
   5231.815083588
   5232.884620193
   5233.658115095
   5234.640289889
   5235.574735166
   5236.300461229
   5236.957439365
   5237.801695402
   5239.192789208
   5240.607636041
   5241.502825460
   5241.822720416
   5242.792985389
   5243.882548869
   5244.845451001
   5245.755732518
   5246.279250857
   5247.610320392
   5248.441539016
   5249.366336132
   5250.675238104
   5251.798558626
   5252.522037867
   5252.890575148
   5253.944070492
   5254.912630871
   5255.613164306
   5257.081180064
   5257.924941007
   5259.108320960
   5259.771904521
   5260.959190246
   5261.180476047
   5262.848835686
   5263.396965102
   5264.411378018
   5265.088374535
   5265.605936327
   5267.885364151
   5268.198270778
   5269.201393021
   5270.259454505
   5270.886227526
   5271.696969114
   5272.517960359
   5273.578737968
   5274.691509015
   5275.643878880
   5276.683503025
   5277.475759503
   5278.379390382
   5279.775667718
   5280.315445981
   5281.239950686
   5281.633380066
   5283.163868560
   5283.478719186
   5284.926926631
   5286.437161558
   5287.137482205
   5287.711380226
   5288.515549598
   5289.353245220
   5290.674974348
   5291.399590509
   5292.275016391
   5293.024355515
   5294.464760714
   5295.126355475
   5296.581056719
   5297.125394920
   5297.981183439
   5299.274679238
   5299.627300320
   5300.144736871
   5301.458131811
   5302.981454220
   5303.885255546
   5304.508457855
   5305.526333012
   5306.498769767
   5307.300388636
   5308.072790500
   5309.361753482
   5310.032764727
   5310.606801112
   5311.859049892
   5312.980209159
   5314.439426792
   5314.954794050
   5315.726296859
   5316.639253906
   5317.139734906
   5318.445240959
   5319.364734298
   5320.109753010
   5321.536694998
   5322.633280585
   5323.137231112
   5323.796327876
   5325.466411141
   5326.038512791
   5326.867763790
   5327.480222283
   5328.463844665
   5329.377158593
   5331.015051850
   5331.855033783
   5332.582449339
   5333.746349451
   5334.061217957
   5335.195388352
   5335.947926227
   5337.059672761
   5338.214274772
   5338.933125465
   5339.674564988
   5341.264957859
   5341.907714557
   5342.986689834
   5343.623359433
   5344.507532612
   5345.528297342
   5346.069965615
   5346.890937422
   5348.769669282
   5349.489057840
   5350.395904771
   5351.225419928
   5351.771637384
   5352.900178207
   5354.185202829
   5354.773479714
   5355.347063677
   5356.538865829
   5357.711619892
   5358.669106442
   5359.633917927
   5360.877126531
   5361.630997292
   5361.916637019
   5362.990405327
   5363.717280477
   5365.296267419
   5365.742257681
   5367.380123854
   5367.905543115
   5368.813641601
   5369.807596453
   5370.713539813
   5371.538329751
   5372.680867258
   5373.219972947
   5374.114835212
   5374.869738245
   5376.722663659
   5377.719730869
   5378.207038130
   5378.768713720
   5380.103731883
   5380.877056511
   5381.348150697
   5382.809993371
   5383.528600989
   5384.819764524
   5385.689781134
   5386.311049248
   5387.705534129
   5388.449137495
   5389.608146494
   5389.909513561
   5390.992260085
   5391.505965625
   5392.981959683
   5394.083717253
   5395.116663428
   5396.115859472
   5397.003429726
   5397.261960158
   5398.277621995
   5399.712504640
   5400.418887868
   5401.194496185
   5401.947143075
   5403.389590115
   5404.287687737
   5405.354453323
   5406.184132744
   5407.075537997
   5407.735014382
   5408.588715766
   5409.577739475
   5410.101872019
   5412.119660739
   5412.756931862
   5413.448942336
   5414.391884655
   5415.225062961
   5416.511814309
   5417.190777294
   5417.730775966
   5419.145769366
   5419.647914017
   5420.595118618
   5422.107201544
   5423.364285030
   5423.582839997
   5424.990137502
   5425.205579332
   5426.077473621
   5427.327787267
   5428.200793508
   5429.307069477
   5430.093232395
   5431.518550462
   5432.081300563
   5432.867061874
   5433.939314658
   5435.224510669
   5435.614214161
   5436.658400672
   5436.820644930
   5438.486077903
   5439.874947382
   5440.645160132
   5441.565050361
   5442.197196541
   5443.283539712
   5443.795137321
   5444.966959570
   5445.925027100
   5446.765247873
   5447.861998301